# 学习率0.0005，bs=128，负样本64，维度1024，gam=4,6，正则0.001，数据集WN18RR，温度0.5，逆关系，包含头部替换
2	0.0333	0.0144	0.0372	0.0657

# 学习率0.0005，bs=128，负样本64，维度1024，gam=4,6，正则0.001，数据集WN18RR，温度0.5
2	0.0100	0.0026	0.0067	0.0233
4	0.0188	0.0112	0.0163	0.0313
6	0.0257	0.0153	0.0233	0.0421
8	0.0353	0.0134	0.0412	0.0712
10	0.0760	0.0204	0.1056	0.1739
12	0.1145	0.0211	0.1809	0.2830
14	0.1478	0.0211	0.2384	0.3727
16	0.1790	0.0217	0.3006	0.4467
18	0.1907	0.0262	0.3137	0.4748
20	0.1948	0.0271	0.3181	0.4825
22	0.1957	0.0258	0.3210	0.4863
24	0.1964	0.0268	0.3200	0.4885
28	0.1960	0.0258	0.3191	0.4930

# 学习率0.001，正则0.001，bs=512， 维度1024 负样本个数64 数据集WN gama=6.0
5	0.0533	0.0310	0.0648	0.0944
10	0.0881	0.0418	0.1142	0.1646
15	0.0955	0.0437	0.1244	0.1844

# 学习率0.01，正则0.001，bs=512， 维度1024 负样本个数32 数据集WN gama=6.0
5	0.0074	0.0026	0.0048	0.0153
10	0.0095	0.0032	0.0089	0.0198
15	0.0096	0.0029	0.0099	0.0230
20	0.0129	0.0045	0.0134	0.0287

HAKE,num_ng: 32,bs: 1024,emb_dim: 500,lr: 0.01,reg: 0.001,高分过滤0.8,gamma=6,FB数据集
5	0.2323	0.1338	0.2603	0.4312

HAKE,num_ng: 32,bs: 1024,emb_dim: 1024,lr: 0.0001,reg: 0.001,高分过滤0.8,gamma=9,FB数据集
5	0.3789	0.2873	0.4170	0.5599
10	0.3775	0.2773	0.4206	0.5764
15	0.3786	0.2764	0.4238	0.5786
25	0.3784	0.2731	0.4249	0.5845
30	0.3789	0.2744	0.4250	0.5860
35	0.3817	0.2762	0.4301	0.5913
45	0.3833	0.2782	0.4309	0.5913

# 学习率0.0005，正则0.001，bs=512，负样本=64，维度1024，无过滤,gama=6,Rotate，代码修正，wn数据集，a=0.5，负样本混合0.7
1	0.0001	0.0000	0.0000	0.0000
3	0.0002	0.0000	0.0000	0.0000
4	0.0144	0.0054	0.0124	0.0278
5	0.2460	0.2179	0.2581	0.2993
6	0.3254	0.3108	0.3315	0.3475
7	0.3523	0.3433	0.3529	0.3695
8	0.3663	0.3567	0.3663	0.3823
9	0.3749	0.3663	0.3740	0.3909
10	0.3803	0.3720	0.3791	0.3963
11	0.3865	0.3765	0.3864	0.4030
12	0.3932	0.3829	0.3941	0.4123
13	0.4003	0.3886	0.4017	0.4209
14	0.4072	0.3941	0.4110	0.4288
15	0.4115	0.3985	0.4132	0.4336
16	0.4161	0.4011	0.4199	0.4394
17	0.4216	0.4065	0.4250	0.4464
18	0.4263	0.4097	0.4317	0.4544
19	0.4296	0.4126	0.4336	0.4617
20	0.4334	0.4151	0.4391	0.4665
21	0.4375	0.4174	0.4458	0.4710
22	0.4399	0.4190	0.4486	0.4745
23	0.4436	0.4215	0.4534	0.4805
24	0.4466	0.4241	0.4566	0.4866
25	0.4504	0.4272	0.4620	0.4914
26	0.4522	0.4279	0.4636	0.4965
27	0.4543	0.4298	0.4655	0.4990
28	0.4582	0.4333	0.4690	0.5016
29	0.4595	0.4343	0.4706	0.5045
30	0.4626	0.4371	0.4754	0.5093
31	0.4635	0.4371	0.4767	0.5118
32	0.4647	0.4378	0.4783	0.5137
33	0.4658	0.4378	0.4789	0.5172
34	0.4672	0.4381	0.4828	0.5185
35	0.4696	0.4400	0.4831	0.5243
36	0.4713	0.4416	0.4856	0.5278
37	0.4733	0.4435	0.4863	0.5300
38	0.4741	0.4438	0.4872	0.5319
39	0.4757	0.4445	0.4901	0.5310
40	0.4765	0.4451	0.4914	0.5325
41	0.4781	0.4461	0.4943	0.5351
42	0.4780	0.4448	0.4959	0.5386
43	0.4793	0.4454	0.4971	0.5405
44	0.4796	0.4454	0.4971	0.5424
45	0.4797	0.4445	0.4981	0.5444
46	0.4798	0.4438	0.4978	0.5459
47	0.4803	0.4442	0.4990	0.5469
48	0.4813	0.4448	0.4990	0.5520
49	0.4817	0.4451	0.4994	0.5504
51	0.4824	0.4445	0.5016	0.5555
52	0.4831	0.4454	0.5003	0.5542
53	0.4847	0.4470	0.5010	0.5590
55	0.4847	0.4458	0.5022	0.5606
56	0.4847	0.4442	0.5048	0.5606
57	0.4860	0.4464	0.5045	0.5597
59	0.4863	0.4454	0.5064	0.5622
64	0.4860	0.4438	0.5054	0.5660
65	0.4864	0.4448	0.5035	0.5667
68	0.4863	0.4429	0.5054	0.5715
70	0.4874	0.4429	0.5077	0.5731
72	0.4877	0.4438	0.5064	0.5737
74	0.4877	0.4435	0.5073	0.5743

#fb-rotate
1	0.0005	0.0001	0.0001	0.0003
2	0.0041	0.0037	0.0039	0.0040
3	0.0044	0.0040	0.0041	0.0045
4	0.0048	0.0043	0.0043	0.0049
5	0.0124	0.0062	0.0096	0.0207
6	0.0164	0.0075	0.0124	0.0283
7	0.0244	0.0116	0.0213	0.0442
8	0.0387	0.0210	0.0366	0.0681
9	0.0626	0.0384	0.0641	0.1073
10	0.0921	0.0615	0.0969	0.1501
11	0.1233	0.0858	0.1329	0.1944
12	0.1520	0.1086	0.1638	0.2366
13	0.1796	0.1300	0.1957	0.2768
14	0.2043	0.1502	0.2235	0.3116
15	0.2304	0.1713	0.2527	0.3469
16	0.2514	0.1882	0.2770	0.3759
17	0.2725	0.2065	0.3005	0.4032
18	0.2875	0.2184	0.3178	0.4237
19	0.3015	0.2308	0.3327	0.4392
20	0.3128	0.2396	0.3465	0.4550
21	0.3220	0.2462	0.3569	0.4680
22	0.3314	0.2551	0.3674	0.4774
23	0.3383	0.2608	0.3726	0.4896
24	0.3443	0.2651	0.3795	0.4969
25	0.3512	0.2713	0.3873	0.5075
26	0.3563	0.2750	0.3930	0.5140
27	0.3609	0.2794	0.3980	0.5195
28	0.3664	0.2849	0.4025	0.5252
29	0.3704	0.2878	0.4064	0.5308
30	0.3732	0.2896	0.4106	0.5366
31	0.3769	0.2930	0.4144	0.5406
32	0.3800	0.2955	0.4173	0.5447
33	0.3822	0.2978	0.4189	0.5484
34	0.3848	0.2993	0.4212	0.5522
35	0.3868	0.3011	0.4233	0.5563
36	0.3901	0.3041	0.4284	0.5599
37	0.3925	0.3059	0.4304	0.5630
38	0.3928	0.3053	0.4292	0.5654
39	0.3944	0.3063	0.4325	0.5684
40	0.3970	0.3087	0.4353	0.5700
41	0.3988	0.3095	0.4378	0.5739
43	0.4017	0.3132	0.4394	0.5786
44	0.4020	0.3126	0.4415	0.5802
45	0.4040	0.3150	0.4423	0.5814
46	0.4041	0.3132	0.4452	0.5833
47	0.4049	0.3140	0.4442	0.5859
48	0.4074	0.3172	0.4477	0.5868
50	0.4081	0.3167	0.4471	0.5881
51	0.4087	0.3177	0.4485	0.5886
52	0.4087	0.3169	0.4487	0.5913
53	0.4103	0.3188	0.4488	0.5935
55	0.4120	0.3201	0.4518	0.5953
57	0.4124	0.3197	0.4531	0.5971
59	0.4131	0.3190	0.4549	0.6001
60	0.4141	0.3210	0.4546	0.5990
61	0.4141	0.3207	0.4538	0.6017
63	0.4146	0.3214	0.4539	0.6040
67	0.4153	0.3201	0.4555	0.6059
69	0.4150	0.3196	0.4574	0.6060
71	0.4152	0.3190	0.4569	0.6067
73	0.4158	0.3202	0.4572	0.6083
74	0.4163	0.3211	0.4572	0.6077
75	0.4168	0.3211	0.4589	0.6074
78	0.4168	0.3210	0.4577	0.6097
80	0.4171	0.3209	0.4590	0.6095
83	0.4173	0.3202	0.4598	0.6094
84	0.4179	0.3214	0.4605	0.6114
97	0.4184	0.3205	0.4613	0.6141
99	0.4196	0.3227	0.4613	0.6131
112	0.4194	0.3211	0.4614	0.6158
126	0.4197	0.3210	0.4624	0.6170

#fb-rotate，反向关系
2	0.0048	0.0043	0.0044	0.0047
4	0.0211	0.0108	0.0188	0.0368
6	0.0937	0.0632	0.0996	0.1527
8	0.1727	0.1227	0.1885	0.2691
10	0.2245	0.1639	0.2451	0.3440
12	0.2528	0.1847	0.2760	0.3880
14	0.2701	0.1974	0.2943	0.4161
16	0.2826	0.2060	0.3089	0.4337
18	0.2932	0.2139	0.3211	0.4499
20	0.2999	0.2178	0.3285	0.4621
22	0.3050	0.2207	0.3355	0.4728
24	0.3100	0.2243	0.3416	0.4807
26	0.3140	0.2274	0.3460	0.4863
28	0.3157	0.2282	0.3470	0.4928
30	0.3173	0.2290	0.3491	0.4962
32	0.3194	0.2300	0.3526	0.4974
34	0.3204	0.2307	0.3527	0.5004
36	0.3209	0.2310	0.3533	0.5023
38	0.3222	0.2320	0.3541	0.5045
40	0.3227	0.2315	0.3549	0.5055
42	0.3231	0.2320	0.3553	0.5084
44	0.3237	0.2330	0.3551	0.5078
46	0.3244	0.2334	0.3566	0.5092
48	0.3250	0.2338	0.3567	0.5115
50	0.3249	0.2325	0.3583	0.5128
56	0.3261	0.2335	0.3593	0.5144
60	0.3267	0.2347	0.3583	0.5129
70	0.3266	0.2329	0.3586	0.5151
72	0.3264	0.2332	0.3590	0.5150
76	0.3260	0.2316	0.3607	0.5163
78	0.3265	0.2315	0.3599	0.5181
84	0.3267	0.2323	0.3605	0.5178
86	0.3272	0.2334	0.3614	0.5180
94	0.3272	0.2323	0.3613	0.5196
102	0.3270	0.2314	0.3615	0.5210
104	0.3277	0.2327	0.3612	0.5209

Quate +3:
5	0.2986	0.2189	0.3258	0.4553
2	0.2498	0.1841	0.2705	0.3780
4	0.2896	0.2147	0.3145	0.4377
6	0.3028	0.2205	0.3297	0.4665

Quate +0:
2	0.2509	0.1843	0.2737	0.3797
4	0.2831	0.2060	0.3097	0.4356

# wn18rr-rotate，反向关系，num_ng: 64,bs: 512,emb_dim: 1024,lr: 0.0001,reg: 0.001,高分过滤0.85,gamma=6
2	0.0001	0.0000	0.0000	0.0000

# wn18rr-complex，反向关系，num_ng: 32,bs: 256,emb_dim: 1024,reg: 0.001,高分过滤0.8,负样本+18，正样本-6
